Pairwise Difference(s)	Count
0	59
1	123
2	159
3	153
4	121
5	120
6	124
7	102
8	54
9	58
10	72
11	79
12	134
13	146
14	177
15	172
16	207
17	205
18	177
19	205
20	158
21	163
22	165
23	131
24	114
25	101
26	106
27	102
28	145
29	165
30	136
31	156
32	145
33	130
34	144
35	179
36	185
37	243
38	282
39	299
40	283
41	349
42	315
43	323
44	272
45	226
46	189
47	104
48	88
49	40
50	25
51	10
52	5
53	2
54	1

44 Sequences are undistinguishable due to (0) differences

Distribution of Identical Sequences:
8	*065*096*144*330*396*442*568*582*
2	*085*703*
2	*611*687*
2	*200*452*
3	*278*407*490*
5	*084*146*326*369*517*
4	*151*394*566*569*
2	*153*615*
2	*132*689*
2	*134*607*
2	*218*219*
2	*479*632*
2	*263*652*
2	*342*644*
2	*162*274*
2	*331*738*

Size of Cluster	Count
2	12
3	1
4	1
5	1
8	1

