	1	D3S1358	11	0.0001
	1	D3S1358	12	0.0008
	1	D3S1358	13	0.0037
	1	D3S1358	14	0.0375
	1	D3S1358	15	0.3276
	1	D3S1358	16	0.3259
	1	D3S1358	17	0.2379
	1	D3S1358	18	0.0582
	1	D3S1358	19	0.0076
	1	D3S1358	20	0.0005
	1	D3S1358	21	0.0002
	2	THO1	4	0.0001
	2	THO1	5	0.0005
	2	THO1	6	0.1145
	2	THO1	7	0.2852
	2	THO1	8	0.0621
	2	THO1	9	0.4533
	2	THO1	9.3	0.0305
	2	THO1	10	0.0529
	2	THO1	11	0.0008
	2	THO1	12	0.0001
	3	D21S11	25	0.0001
	3	D21S11	26	0.0002
	3	D21S11	27	0.0028
	3	D21S11	28	0.0533
	3	D21S11	28.2	0.0027
	3	D21S11	29	0.2622
	3	D21S11	29.2	0.0007
	3	D21S11	30	0.2642
	3	D21S11	30.2	0.0085
	3	D21S11	30.3	0.0016
	3	D21S11	31	0.0927
	3	D21S11	31.2	0.0762
	3	D21S11	32	0.0276
	3	D21S11	32.1	0.0001
	3	D21S11	32.2	0.1495
	3	D21S11	33	0.0046
	3	D21S11	33.2	0.0468
	3	D21S11	34	0.0003
	3	D21S11	34.2	0.0050
	3	D21S11	35	0.0003
	3	D21S11	35.2	0.0004
	3	D21S11	36	0.0001
	3	D21S11	36.2	0.0001
	4	D18S51    	9	0.0002
	4	D18S51    	10	0.0009
	4	D18S51    	11	0.0042
	4	D18S51    	12	0.0451
	4	D18S51    	13	0.1674
	4	D18S51    	13.2	0.0002
	4	D18S51    	14	0.1966
	4	D18S51    	15	0.1984
	4	D18S51    	15.2	0.0001
	4	D18S51    	16	0.1430
	4	D18S51    	17	0.0820
	4	D18S51    	17.2	0.0001
	4	D18S51    	18	0.0501
	4	D18S51    	19	0.0357
	4	D18S51    	20	0.0225
	4	D18S51    	21	0.0235
	4	D18S51    	22	0.0183
	4	D18S51    	23	0.0065
	4	D18S51    	24	0.0035
	4	D18S51    	25	0.0014
	4	D18S51    	26	0.0002
	4	D18S51    	27	0.0001
	5	PentaE	5	0.0501
	5	PentaE	7	0.0002
	5	PentaE	8	0.0037
	5	PentaE	9	0.0127
	5	PentaE	10	0.0454
	5	PentaE	11	0.1812
	5	PentaE	12	0.1231
	5	PentaE	13	0.0611
	5	PentaE	14	0.0843
	5	PentaE	15	0.0796
	5	PentaE	15.2	0.0001
	5	PentaE	16	0.0683
	5	PentaE	17	0.0707
	5	PentaE	17.4	0.0001
	5	PentaE	18	0.0645
	5	PentaE	18.4	0.0003
	5	PentaE	19	0.0534
	5	PentaE	19.4	0.0004
	5	PentaE	20	0.0443
	5	PentaE	21	0.0251
	5	PentaE	22	0.0157
	5	PentaE	23	0.0092
	5	PentaE	24	0.0047
	5	PentaE	25	0.0016
	5	PentaE	26	0.0002
	5	PentaE	27	0.0001
	6	D5S818	6	0.0001
	6	D5S818	7	0.0269
	6	D5S818	8	0.0031
	6	D5S818	9	0.0709
	6	D5S818	10	0.2129
	6	D5S818	11	0.2963
	6	D5S818	12	0.2311
	6	D5S818	13	0.1469
	6	D5S818	14	0.0106
	6	D5S818	15	0.0012
	7	D13S317	5	0.0001
	7	D13S317	6	0.0001
	7	D13S317	7	0.0029
	7	D13S317	8	0.3201
	7	D13S317	9	0.1389
	7	D13S317	10	0.1371
	7	D13S317	11	0.2267
	7	D13S317	12	0.1347
	7	D13S317	13	0.0333
	7	D13S317	14	0.0059
	7	D13S317	15	0.0002
	8	D7S820	6	0.0002
	8	D7S820	7	0.0032
	8	D7S820	8	0.1422
	8	D7S820	9	0.0619
	8	D7S820	9.1	0.0040
	8	D7S820	9.2	0.0010
	8	D7S820	10	0.1604
	8	D7S820	10.1	0.0001
	8	D7S820	11	0.3644
	8	D7S820	11.1	0.0002
	8	D7S820	12	0.2240
	8	D7S820	13	0.0342
	8	D7S820	14	0.0041
	8	D7S820	15	0.0001
	9	D16S539	6	0.0001
	9	D16S539	8	0.0037
	9	D16S539	9	0.2515
	9	D16S539	10	0.1318
	9	D16S539	11	0.2807
	9	D16S539	12	0.2147
	9	D16S539	13	0.1020
	9	D16S539	14	0.0142
	9	D16S539	15	0.0012
	9	D16S539	16	0.0001
	10	CSF1PO	6	0.0001
	10	CSF1PO	7	0.0071
	10	CSF1PO	8	0.0015
	10	CSF1PO	9	0.0438
	10	CSF1PO	10	0.2318
	10	CSF1PO	11	0.2515
	10	CSF1PO	11.1	0.0001
	10	CSF1PO	12	0.3734
	10	CSF1PO	13	0.0788
	10	CSF1PO	14	0.0108
	10	CSF1PO	15	0.0011
	11	PentaD	5	0.0003
	11	PentaD	6	0.0016
	11	PentaD	7	0.0129
	11	PentaD	8	0.0682
	11	PentaD	9	0.3646
	11	PentaD	10	0.1288
	11	PentaD	11	0.1219
	11	PentaD	12	0.1518
	11	PentaD	13	0.1005
	11	PentaD	13.4	0.0001
	11	PentaD	14	0.0390
	11	PentaD	15	0.0073
	11	PentaD	16	0.0019
	11	PentaD	17	0.0004
	11	PentaD	18	0.0001
	11	PentaD	19	0.0001
	11	PentaD	20	0.0002
	11	PentaD	21	0.0003
	12	vWA	10	0.0003
	12	vWA	11	0.0002
	12	vWA	11.1	0.0002
	12	vWA	12	0.0003
	12	vWA	13	0.0012
	12	vWA	14	0.2841
	12	vWA	15	0.0295
	12	vWA	15.2	0.0003
	12	vWA	16	0.1566
	12	vWA	17	0.2313
	12	vWA	18	0.1901
	12	vWA	19	0.0898
	12	vWA	20	0.0154
	12	vWA	21	0.0007
	13	D8S1179	7	0.0002
	13	D8S1179	8	0.0008
	13	D8S1179	9	0.0006
	13	D8S1179	10	0.1348
	13	D8S1179	11	0.1266
	13	D8S1179	12	0.1242
	13	D8S1179	13	0.1797
	13	D8S1179	14	0.1684
	13	D8S1179	15	0.1760
	13	D8S1179	16	0.0739
	13	D8S1179	17	0.0134
	13	D8S1179	18	0.0014
	14	TPOX	6	0.0002
	14	TPOX	7	0.0012
	14	TPOX	8	0.5512
	14	TPOX	9	0.1074
	14	TPOX	10	0.0299
	14	TPOX	11	0.2871
	14	TPOX	12	0.0223
	14	TPOX	13	0.0004
	14	TPOX	14	0.0001
	14	TPOX	15	0.0002
	15	FGA	13	0.0004
	15	FGA	16	0.0040
	15	FGA	17	0.0010
	15	FGA	18	0.0272
	15	FGA	19	0.0625
	15	FGA	20	0.0452
	15	FGA	20.2	0.0004
	15	FGA	21	0.1327
	15	FGA	21.2	0.0045
	15	FGA	22	0.1865
	15	FGA	22.2	0.0034
	15	FGA	23	0.1976
	15	FGA	23.2	0.0095
	15	FGA	24	0.1599
	15	FGA	24.2	0.0104
	15	FGA	25	0.0895
	15	FGA	25.2	0.0035
	15	FGA	26	0.0442
	15	FGA	26.2	0.0021
	15	FGA	27	0.0120
	15	FGA	27.2	0.0003
	15	FGA	28	0.0027
	15	FGA	29	0.0004
	15	FGA	30	0.0001
