1	2	15	9	29	11	16	12	10	12	11	10	10	14	15	8	24
		16	10	30	14	19	12	11	12	12	11	13	14	15	12	25.2
	84	15	9	29	11	11	11	10	11	11	11	9	14	13	8	21
		15	9	31.2	14	16	13	11	12	12	11	12	14	15	11	24
2	90	15	7	29	14	15	7	9	11	10	9	9	14	11	8	21
		18	9	32.2	15	20	11	11	11	12	12	9	17	16	12	24
	96	15	6	31	13	11	11	11	12	9	12	8	19	13	8	23
		17	7	32.2	14	11	12	13	12	11	12	12	19	15	11	24
3	100	17	7	29	14	5	11	8	8	9	11	9	14	15	9	23
		17	9	29	14	22	13	9	11	10	12	11	17	15	11	25
	77	15	9	29	14	12	10	8	8	13	12	10	14	13	9	23
		16	9	31	16	12	11	9	12	13	13	12	16	16	11	24
4	95	16	9	30	14	11	11	8	8	9	12	10	14	13	8	20
		16	9.3	31.2	16	14	13	8	12	12	12	11	14	15	11	22.2
	103	16	6	29	14	11	12	8	8	12	10	12	14	15	8	23
		16	10	29	22	16	12	8	12	12	11	12	16	16	11	23
5	110	16	9	31	13	15	9	8	11	9	11	10	19	13	8	22
		17	9	32.2	14	17	10	11	11	11	11	13	20	15	11	25
	119	15	7	28	13	15	9	11	10	10	11	8	14	11	8	20
		16	7	32.2	20	16	11	12	11	11	11	9	18	12	8	23
6	121	15	9	28.2	14	19	10	10	11	9	10	9	14	12	8	23
		17	9	29	17	21	12	13	12	11	13	10	20	14	9	25
	125	15	7	29	13	16	11	9	11	9	11	9	14	13	9	21
		16	9	32.2	18	18	12	11	11	10	12	10	18	15	10	23
7	132	15	8	30	20	11	10	9	8	9	10	9	17	12	8	22.2
		16	9	31.2	22	22	12	10	12	9	11	11	17	13	8	24
	134	15	9	30	13	10	10	12	8	9	12	9	16	10	11	21
		18	9	31.2	14	14	11	12	11	11	12	12	18	14	12	23
8	155	15	9	31.2	14	11	10	10	11	11	12	11	17	10	10	22
		17	9	33.2	15	20	11	12	12	12	13	13	18	14	12	24
	157	16	9	30	13	10	11	11	8	9	11	11	16	11	8	21
		17	9	31.2	15	18	13	12	11	9	11	12	18	14	11	21
9	159	15	7	30	14	5	12	8	8	9	9	11	16	10	11	25
		15	9	32	15	17	14	13	12	9	12	14	17	14	11	25
	163	15	9	29	13	13	9	10	11	9	11	9	14	10	9	23
		17	9	30.2	13	16	10	10	12	9	11	12	17	14	9	25
10	165	16	6	30	13	11	9	10	11	11	12	10	18	10	8	25
		18	9	32	15	18	12	11	12	12	13	11	18	13	11	25
	18	16	7	29	17	8	12	8	8	9	10	10	17	13	8	23
		16	9	30	19	20	12	8	10	13	12	15	17	13	8	23
11	21	15	8	28	13	12	9	11	11	9	10	9	16	15	11	22
		17	8	32.2	14	16	12	12	11	10	12	10	18	15	11	22.2
	24	15	9	28	14	9	10	9	11	9	11	10	14	12	8	21
		16	9	32.2	15	20	10	11	12	12	12	12	17	15	8	22
12	27	15	6	28	13	16	11	12	11	10	12	9	14	12	8	26
		16	9	29	22	21	13	13	12	13	12	14	14	13	9	27
	30	14	9	29	15	16	10	8	8	9	11	9	14	10	8	23
		15	9	29	23	18	10	9	12	12	13	11	14	12	9	23
13	31	17	6	28	13	10	12	8	10	9	12	9	18	10	8	19
		17	7	33.2	17	11	12	12	11	12	12	11	18	13	8	23
	48	15	9	30	14	5	7	10	11	11	11	11	16	14	8	21
		18	9	30	14	10	9	11	12	13	12	11	16	16	11	24
14	56	16	7	30	13	18	12	10	11	9	10	9	14	13	8	22
		18	8	32	15	20	13	12	12	10	13	13	16	13	11	23
	48	15	9	30	14	5	7	10	11	11	11	11	16	14	8	21
		18	9	30	14	10	9	11	12	13	12	11	16	16	11	24
15	84	15	9	29	11	11	11	10	11	11	11	9	14	13	8	21
		15	9	31.2	14	16	13	11	12	12	11	12	14	15	11	24
	90	15	7	29	14	15	7	9	11	10	9	9	14	11	8	21
		18	9	32.2	15	20	11	11	11	12	12	9	17	16	12	24
16	96	15	6	31	13	11	11	11	12	9	12	8	19	13	8	23
		17	7	32.2	14	11	12	13	12	11	12	12	19	15	11	24
	100	17	7	29	14	5	11	8	8	9	11	9	14	15	9	23
		17	9	29	14	22	13	9	11	10	12	11	17	15	11	25
17	77	15	9	29	14	12	10	8	8	13	12	10	14	13	9	23
		16	9	31	16	12	11	9	12	13	13	12	16	16	11	24
	95	16	9	30	14	11	11	8	8	9	12	10	14	13	8	20
		16	9.3	31.2	16	14	13	8	12	12	12	11	14	15	11	22.2
18	103	16	6	29	14	11	12	8	8	12	10	12	14	15	8	23
		16	10	29	22	16	12	8	12	12	11	12	16	16	11	23
	110	16	9	31	13	15	9	8	11	9	11	10	19	13	8	22
		17	9	32.2	14	17	10	11	11	11	11	13	20	15	11	25
19	119	15	7	28	13	15	9	11	10	10	11	8	14	11	8	20
		16	7	32.2	20	16	11	12	11	11	11	9	18	12	8	23
	121	15	9	28.2	14	19	10	10	11	9	10	9	14	12	8	23
		17	9	29	17	21	12	13	12	11	13	10	20	14	9	25
20	125	15	7	29	13	16	11	9	11	9	11	9	14	13	9	21
		16	9	32.2	18	18	12	11	11	10	12	10	18	15	10	23
	132	15	8	30	20	11	10	9	8	9	10	9	17	12	8	22.2
		16	9	31.2	22	22	12	10	12	9	11	11	17	13	8	24
21	134	15	9	30	13	10	10	12	8	9	12	9	16	10	11	21
		18	9	31.2	14	14	11	12	11	11	12	12	18	14	12	23
	155	15	9	31.2	14	11	10	10	11	11	12	11	17	10	10	22
		17	9	33.2	15	20	11	12	12	12	13	13	18	14	12	24
22	157	16	9	30	13	10	11	11	8	9	11	11	16	11	8	21
		17	9	31.2	15	18	13	12	11	9	11	12	18	14	11	21
	159	15	7	30	14	5	12	8	8	9	9	11	16	10	11	25
		15	9	32	15	17	14	13	12	9	12	14	17	14	11	25
23	163	15	9	29	13	13	9	10	11	9	11	9	14	10	9	23
		17	9	30.2	13	16	10	10	12	9	11	12	17	14	9	25
	165	16	6	30	13	11	9	10	11	11	12	10	18	10	8	25
		18	9	32	15	18	12	11	12	12	13	11	18	13	11	25
24	18	16	7	29	17	8	12	8	8	9	10	10	17	13	8	23
		16	9	30	19	20	12	8	10	13	12	15	17	13	8	23
	21	15	8	28	13	12	9	11	11	9	10	9	16	15	11	22
		17	8	32.2	14	16	12	12	11	10	12	10	18	15	11	22.2
25	24	15	9	28	14	9	10	9	11	9	11	10	14	12	8	21
		16	9	32.2	15	20	10	11	12	12	12	12	17	15	8	22
	27	15	6	28	13	16	11	12	11	10	12	9	14	12	8	26
		16	9	29	22	21	13	13	12	13	12	14	14	13	9	27
26	30	14	9	29	15	16	10	8	8	9	11	9	14	10	8	23
		15	9	29	23	18	10	9	12	12	13	11	14	12	9	23
	31	17	6	28	13	10	12	8	10	9	12	9	18	10	8	19
		17	7	33.2	17	11	12	12	11	12	12	11	18	13	8	23
27	48	15	9	30	14	5	7	10	11	11	11	11	16	14	8	21
		18	9	30	14	10	9	11	12	13	12	11	16	16	11	24
	56	16	7	30	13	18	12	10	11	9	10	9	14	13	8	22
		18	8	32	15	20	13	12	12	10	13	13	16	13	11	23
28	48	15	9	30	14	5	7	10	11	11	11	11	16	14	8	21
		18	9	30	14	10	9	11	12	13	12	11	16	16	11	24
	84	15	9	29	11	11	11	10	11	11	11	9	14	13	8	21
		15	9	31.2	14	16	13	11	12	12	11	12	14	15	11	24
29	2	15	9	29	11	16	12	10	12	11	10	10	14	15	8	24
		16	10	30	14	19	12	11	12	12	11	13	14	15	12	25.2
	90	15	7	29	14	15	7	9	11	10	9	9	14	11	8	21
		18	9	32.2	15	20	11	11	11	12	12	9	17	16	12	24
30	100	17	7	29	14	5	11	8	8	9	11	9	14	15	9	23
		17	9	29	14	22	13	9	11	10	12	11	17	15	11	25
	95	16	9	30	14	11	11	8	8	9	12	10	14	13	8	20
		16	9.3	31.2	16	14	13	8	12	12	12	11	14	15	11	22.2
31	110	16	9	31	13	15	9	8	11	9	11	10	19	13	8	22
		17	9	32.2	14	17	10	11	11	11	11	13	20	15	11	25
	121	15	9	28.2	14	19	10	10	11	9	10	9	14	12	8	23
		17	9	29	17	21	12	13	12	11	13	10	20	14	9	25
32	132	15	8	30	20	11	10	9	8	9	10	9	17	12	8	22.2
		16	9	31.2	22	22	12	10	12	9	11	11	17	13	8	24
	155	15	9	31.2	14	11	10	10	11	11	12	11	17	10	10	22
		17	9	33.2	15	20	11	12	12	12	13	13	18	14	12	24
33	159	15	7	30	14	5	12	8	8	9	9	11	16	10	11	25
		15	9	32	15	17	14	13	12	9	12	14	17	14	11	25
	165	16	6	30	13	11	9	10	11	11	12	10	18	10	8	25
		18	9	32	15	18	12	11	12	12	13	11	18	13	11	25
34	21	15	8	28	13	12	9	11	11	9	10	9	16	15	11	22
		17	8	32.2	14	16	12	12	11	10	12	10	18	15	11	22.2
	27	15	6	28	13	16	11	12	11	10	12	9	14	12	8	26
		16	9	29	22	21	13	13	12	13	12	14	14	13	9	27
35	31	17	6	28	13	10	12	8	10	9	12	9	18	10	8	19
		17	7	33.2	17	11	12	12	11	12	12	11	18	13	8	23
	56	16	7	30	13	18	12	10	11	9	10	9	14	13	8	22
		18	8	32	15	20	13	12	12	10	13	13	16	13	11	23
36	84	15	9	29	11	11	11	10	11	11	11	9	14	13	8	21
		15	9	31.2	14	16	13	11	12	12	11	12	14	15	11	24
	96	15	6	31	13	11	11	11	12	9	12	8	19	13	8	23
		17	7	32.2	14	11	12	13	12	11	12	12	19	15	11	24
37	77	15	9	29	14	12	10	8	8	13	12	10	14	13	9	23
		16	9	31	16	12	11	9	12	13	13	12	16	16	11	24
	103	16	6	29	14	11	12	8	8	12	10	12	14	15	8	23
		16	10	29	22	16	12	8	12	12	11	12	16	16	11	23
38	119	15	7	28	13	15	9	11	10	10	11	8	14	11	8	20
		16	7	32.2	20	16	11	12	11	11	11	9	18	12	8	23
	125	15	7	29	13	16	11	9	11	9	11	9	14	13	9	21
		16	9	32.2	18	18	12	11	11	10	12	10	18	15	10	23
39	134	15	9	30	13	10	10	12	8	9	12	9	16	10	11	21
		18	9	31.2	14	14	11	12	11	11	12	12	18	14	12	23
	157	16	9	30	13	10	11	11	8	9	11	11	16	11	8	21
		17	9	31.2	15	18	13	12	11	9	11	12	18	14	11	21
40	163	15	9	29	13	13	9	10	11	9	11	9	14	10	9	23
		17	9	30.2	13	16	10	10	12	9	11	12	17	14	9	25
	18	16	7	29	17	8	12	8	8	9	10	10	17	13	8	23
		16	9	30	19	20	12	8	10	13	12	15	17	13	8	23
41	24	15	9	28	14	9	10	9	11	9	11	10	14	12	8	21
		16	9	32.2	15	20	10	11	12	12	12	12	17	15	8	22
	30	14	9	29	15	16	10	8	8	9	11	9	14	10	8	23
		15	9	29	23	18	10	9	12	12	13	11	14	12	9	23
42	48	15	9	30	14	5	7	10	11	11	11	11	16	14	8	21
		18	9	30	14	10	9	11	12	13	12	11	16	16	11	24
	2	15	9	29	11	16	12	10	12	11	10	10	14	15	8	24
		16	10	30	14	19	12	11	12	12	11	13	14	15	12	25.2
43	2	15	9	29	11	16	12	10	12	11	10	10	14	15	8	24
		16	10	30	14	19	12	11	12	12	11	13	14	15	12	25.2
	96	15	6	31	13	11	11	11	12	9	12	8	19	13	8	23
		17	7	32.2	14	11	12	13	12	11	12	12	19	15	11	24
44	100	17	7	29	14	5	11	8	8	9	11	9	14	15	9	23
		17	9	29	14	22	13	9	11	10	12	11	17	15	11	25
	103	16	6	29	14	11	12	8	8	12	10	12	14	15	8	23
		16	10	29	22	16	12	8	12	12	11	12	16	16	11	23
45	110	16	9	31	13	15	9	8	11	9	11	10	19	13	8	22
		17	9	32.2	14	17	10	11	11	11	11	13	20	15	11	25
	125	15	7	29	13	16	11	9	11	9	11	9	14	13	9	21
		16	9	32.2	18	18	12	11	11	10	12	10	18	15	10	23
46	132	15	8	30	20	11	10	9	8	9	10	9	17	12	8	22.2
		16	9	31.2	22	22	12	10	12	9	11	11	17	13	8	24
	157	16	9	30	13	10	11	11	8	9	11	11	16	11	8	21
		17	9	31.2	15	18	13	12	11	9	11	12	18	14	11	21
47	159	15	7	30	14	5	12	8	8	9	9	11	16	10	11	25
		15	9	32	15	17	14	13	12	9	12	14	17	14	11	25
	18	16	7	29	17	8	12	8	8	9	10	10	17	13	8	23
		16	9	30	19	20	12	8	10	13	12	15	17	13	8	23
48	21	15	8	28	13	12	9	11	11	9	10	9	16	15	11	22
		17	8	32.2	14	16	12	12	11	10	12	10	18	15	11	22.2
	30	14	9	29	15	16	10	8	8	9	11	9	14	10	8	23
		15	9	29	23	18	10	9	12	12	13	11	14	12	9	23
49	31	17	6	28	13	10	12	8	10	9	12	9	18	10	8	19
		17	7	33.2	17	11	12	12	11	12	12	11	18	13	8	23
	84	15	9	29	11	11	11	10	11	11	11	9	14	13	8	21
		15	9	31.2	14	16	13	11	12	12	11	12	14	15	11	24
50	2	15	9	29	11	16	12	10	12	11	10	10	14	15	8	24
		16	10	30	14	19	12	11	12	12	11	13	14	15	12	25.2
	100	17	7	29	14	5	11	8	8	9	11	9	14	15	9	23
		17	9	29	14	22	13	9	11	10	12	11	17	15	11	25
51	90	15	7	29	14	15	7	9	11	10	9	9	14	11	8	21
		18	9	32.2	15	20	11	11	11	12	12	9	17	16	12	24
	95	16	9	30	14	11	11	8	8	9	12	10	14	13	8	20
		16	9.3	31.2	16	14	13	8	12	12	12	11	14	15	11	22.2
52	100	17	7	29	14	5	11	8	8	9	11	9	14	15	9	23
		17	9	29	14	22	13	9	11	10	12	11	17	15	11	25
	110	16	9	31	13	15	9	8	11	9	11	10	19	13	8	22
		17	9	32.2	14	17	10	11	11	11	11	13	20	15	11	25
53	95	16	9	30	14	11	11	8	8	9	12	10	14	13	8	20
		16	9.3	31.2	16	14	13	8	12	12	12	11	14	15	11	22.2
	121	15	9	28.2	14	19	10	10	11	9	10	9	14	12	8	23
		17	9	29	17	21	12	13	12	11	13	10	20	14	9	25
54	110	16	9	31	13	15	9	8	11	9	11	10	19	13	8	22
		17	9	32.2	14	17	10	11	11	11	11	13	20	15	11	25
	132	15	8	30	20	11	10	9	8	9	10	9	17	12	8	22.2
		16	9	31.2	22	22	12	10	12	9	11	11	17	13	8	24
55	121	15	9	28.2	14	19	10	10	11	9	10	9	14	12	8	23
		17	9	29	17	21	12	13	12	11	13	10	20	14	9	25
	155	15	9	31.2	14	11	10	10	11	11	12	11	17	10	10	22
		17	9	33.2	15	20	11	12	12	12	13	13	18	14	12	24
56	132	15	8	30	20	11	10	9	8	9	10	9	17	12	8	22.2
		16	9	31.2	22	22	12	10	12	9	11	11	17	13	8	24
	159	15	7	30	14	5	12	8	8	9	9	11	16	10	11	25
		15	9	32	15	17	14	13	12	9	12	14	17	14	11	25
57	155	15	9	31.2	14	11	10	10	11	11	12	11	17	10	10	22
		17	9	33.2	15	20	11	12	12	12	13	13	18	14	12	24
	165	16	6	30	13	11	9	10	11	11	12	10	18	10	8	25
		18	9	32	15	18	12	11	12	12	13	11	18	13	11	25
58	159	15	7	30	14	5	12	8	8	9	9	11	16	10	11	25
		15	9	32	15	17	14	13	12	9	12	14	17	14	11	25
	21	15	8	28	13	12	9	11	11	9	10	9	16	15	11	22
		17	8	32.2	14	16	12	12	11	10	12	10	18	15	11	22.2
59	165	16	6	30	13	11	9	10	11	11	12	10	18	10	8	25
		18	9	32	15	18	12	11	12	12	13	11	18	13	11	25
	27	15	6	28	13	16	11	12	11	10	12	9	14	12	8	26
		16	9	29	22	21	13	13	12	13	12	14	14	13	9	27
60	21	15	8	28	13	12	9	11	11	9	10	9	16	15	11	22
		17	8	32.2	14	16	12	12	11	10	12	10	18	15	11	22.2
	31	17	6	28	13	10	12	8	10	9	12	9	18	10	8	19
		17	7	33.2	17	11	12	12	11	12	12	11	18	13	8	23
61	27	15	6	28	13	16	11	12	11	10	12	9	14	12	8	26
		16	9	29	22	21	13	13	12	13	12	14	14	13	9	27
	56	16	7	30	13	18	12	10	11	9	10	9	14	13	8	22
		18	8	32	15	20	13	12	12	10	13	13	16	13	11	23
62	2	15	9	29	11	16	12	10	12	11	10	10	14	15	8	24
		16	10	30	14	19	12	11	12	12	11	13	14	15	12	25.2
	21	15	8	28	13	12	9	11	11	9	10	9	16	15	11	22
		17	8	32.2	14	16	12	12	11	10	12	10	18	15	11	22.2
63	84	15	9	29	11	11	11	10	11	11	11	9	14	13	8	21
		15	9	31.2	14	16	13	11	12	12	11	12	14	15	11	24
	24	15	9	28	14	9	10	9	11	9	11	10	14	12	8	21
		16	9	32.2	15	20	10	11	12	12	12	12	17	15	8	22
64	90	15	7	29	14	15	7	9	11	10	9	9	14	11	8	21
		18	9	32.2	15	20	11	11	11	12	12	9	17	16	12	24
	27	15	6	28	13	16	11	12	11	10	12	9	14	12	8	26
		16	9	29	22	21	13	13	12	13	12	14	14	13	9	27
65	96	15	6	31	13	11	11	11	12	9	12	8	19	13	8	23
		17	7	32.2	14	11	12	13	12	11	12	12	19	15	11	24
	30	14	9	29	15	16	10	8	8	9	11	9	14	10	8	23
		15	9	29	23	18	10	9	12	12	13	11	14	12	9	23
66	100	17	7	29	14	5	11	8	8	9	11	9	14	15	9	23
		17	9	29	14	22	13	9	11	10	12	11	17	15	11	25
	31	17	6	28	13	10	12	8	10	9	12	9	18	10	8	19
		17	7	33.2	17	11	12	12	11	12	12	11	18	13	8	23
67	77	15	9	29	14	12	10	8	8	13	12	10	14	13	9	23
		16	9	31	16	12	11	9	12	13	13	12	16	16	11	24
	48	15	9	30	14	5	7	10	11	11	11	11	16	14	8	21
		18	9	30	14	10	9	11	12	13	12	11	16	16	11	24
68	95	16	9	30	14	11	11	8	8	9	12	10	14	13	8	20
		16	9.3	31.2	16	14	13	8	12	12	12	11	14	15	11	22.2
	56	16	7	30	13	18	12	10	11	9	10	9	14	13	8	22
		18	8	32	15	20	13	12	12	10	13	13	16	13	11	23
69	103	16	6	29	14	11	12	8	8	12	10	12	14	15	8	23
		16	10	29	22	16	12	8	12	12	11	12	16	16	11	23
	48	15	9	30	14	5	7	10	11	11	11	11	16	14	8	21
		18	9	30	14	10	9	11	12	13	12	11	16	16	11	24
70	110	16	9	31	13	15	9	8	11	9	11	10	19	13	8	22
		17	9	32.2	14	17	10	11	11	11	11	13	20	15	11	25
	84	15	9	29	11	11	11	10	11	11	11	9	14	13	8	21
		15	9	31.2	14	16	13	11	12	12	11	12	14	15	11	24
71	119	15	7	28	13	15	9	11	10	10	11	8	14	11	8	20
		16	7	32.2	20	16	11	12	11	11	11	9	18	12	8	23
	90	15	7	29	14	15	7	9	11	10	9	9	14	11	8	21
		18	9	32.2	15	20	11	11	11	12	12	9	17	16	12	24

