option:	1-双纯合相同	2-双杂合相同	3-杂纯共一	4-杂杂共一	5-其他	
id	indi_pair	option|result	
1	91#92		2|9.335392	4|0.801511	3|1.203471	2|4.720530	4|5.893341	4|1.951838	4|2.049856	2|2.682448	3|1.414415	4|1.244036	1|3.502010	3|1.129972	2|12.049850	4|1.120777	2|7.864735	
2	91#93		3|1.013126	2|1.930929	3|1.203471	2|4.720530	5|0.250000	5|0.250000	2|5.671004	2|2.682448	3|1.414415	2|14.948340	1|3.502010	1|5.107345	4|1.641208	4|1.120777	3|2.133949	
3	91#94		2|9.335392	2|1.930929	1|5.793366	2|4.720530	2|48.756483	5|0.250000	2|5.671004	2|2.682448	3|1.414415	4|1.244036	1|3.502010	5|0.250000	2|12.049850	4|11.460762	4|2.133949	
4	92#93		3|1.013126	4|0.801511	4|1.203471	2|4.720530	4|3.910322	4|9.543680	4|2.049856	2|2.682448	1|8.002284	4|1.244036	1|3.502010	3|1.129972	4|1.641208	2|1.702058	3|2.133949	
5	92#94		2|9.335392	4|0.801511	3|1.203471	2|4.720530	4|5.893341	4|9.543680	4|2.049856	2|2.682448	1|8.002284	2|2.412840	1|3.502010	4|1.565097	2|12.049850	4|0.703556	4|2.133949	
6	93#94		3|1.013126	2|1.930929	3|1.203471	2|4.720530	5|0.250000	2|21.001599	2|5.671004	2|2.682448	1|8.002284	4|1.244036	1|3.502010	5|0.250000	4|1.641208	4|0.703556	3|2.133949	
7	98#99		1|4.105695	4|0.801511	4|2.946872	4|1.743429	1|10.623570	2|3.038247	4|2.105976	3|1.366071	2|2.962970	2|2.412840	4|3.915689	2|6.981589	3|1.670455	3|1.120777	2|18.022661	
8	101#102		4|1.300862	2|1.930929	3|1.203471	4|1.521617	4|16.173567	5|0.250000	5|0.250000	2|5.611381	4|2.146813	3|1.244036	4|0.935683	3|1.330847	1|11.161674	2|3.752178	2|18.022661	
9	85#86		1|4.105695	3|0.801511	2|13.584328	4|1.521617	5|0.250000	4|1.093739	4|2.105976	3|1.366071	4|1.140631	1|6.190500	3|0.935683	3|1.129972	3|1.670455	4|1.120777	2|25.331666	
10	85#88		3|1.013126	3|0.801511	2|13.584328	5|0.250000	2|32.392736	4|1.951838	4|2.105976	1|7.464605	4|1.414415	1|6.190500	5|0.250000	3|1.129972	3|1.670455	4|0.703556	2|25.331666	
11	85#89		1|4.105695	3|0.801511	2|13.584328	4|1.521617	4|3.910322	3|1.093739	4|2.105976	1|7.464605	3|1.414415	1|6.190500	5|0.250000	2|3.662032	3|1.670455	3|0.703556	4|2.133949	
12	86#88		3|1.013126	1|2.569680	2|13.584328	3|59.773810	5|0.250000	4|1.331783	2|8.858427	3|1.366071	4|1.244036	1|6.190500	4|1.896904	1|5.107345	1|11.161674	4|2.577747	2|25.331666	
13	86#89		1|4.105695	1|2.569680	2|13.584328	2|182.030749	4|4.931648	3|1.093739	2|8.858427	3|1.366071	5|0.250000	1|6.190500	4|1.896904	3|1.129972	1|11.161674	5|0.250000	4|2.133949	
14	88#89		3|1.013126	1|2.569680	2|13.584328	3|59.773810	4|3.910322	5|0.250000	2|8.858427	1|7.464605	3|1.414415	1|6.190500	2|10.510784	3|1.129972	1|11.161674	3|0.703556	4|2.133949	
15	78#79		2|2.185914	2|4.025804	4|5.591880	1|9.261279	2|14.793722	4|1.331783	3|1.031006	4|0.936059	3|2.700980	4|1.244036	3|1.896904	3|1.846424	4|3.632950	4|0.703556	1|13.154798	
16	78#80		3|1.017106	2|4.025804	2|13.584328	1|9.261279	4|2.280869	4|1.331783	5|0.250000	3|0.936059	3|2.700980	5|0.250000	2|8.437209	3|1.846424	4|3.632950	4|0.703556	3|1.813477	
17	79#80		3|1.017106	2|4.025804	4|5.591880	1|9.261279	4|2.280869	2|3.918610	4|2.049856	3|0.936059	1|29.181180	3|0.919523	3|1.896904	1|13.637127	2|15.416809	2|1.702058	3|1.813477	
18	62#64		2|2.185914	3|0.801511	3|1.203471	2|4.720530	4|3.910322	3|1.331783	4|1.031006	5|0.250000	5|0.250000	5|0.250000	5|0.250000	3|1.129972	2|7.156275	4|1.120777	2|7.864735	
19	62#65		2|2.185914	3|0.801511	1|5.793366	2|4.720530	2|12.870233	4|1.093739	5|0.250000	1|7.464605	1|18.435230	5|0.250000	5|0.250000	1|5.107345	2|7.156275	2|25.814912	3|1.813477	
20	64#65		2|2.185914	2|4.025804	3|1.203471	2|4.720530	4|3.910322	5|0.250000	4|1.352779	5|0.250000	5|0.250000	2|2.412840	1|14.392976	3|1.129972	2|7.156275	4|1.120777	3|1.813477	
21	106#107		5|0.250000	2|1.930929	3|1.196253	4|59.773810	2|13.573109	3|1.331783	2|4.467548	2|2.682448	4|1.244036	3|1.328516	2|3.674801	4|1.129972	2|7.156275	4|1.120777	4|4.250000	
22	106#109		4|33.144737	2|1.930929	3|1.196253	4|1.743429	2|13.573109	3|1.331783	4|1.031006	2|2.682448	4|1.244036	2|3.430443	5|0.250000	3|1.129972	4|1.670455	2|25.814912	5|0.250000	
23	107#109		4|4.545533	2|1.930929	1|5.724083	5|0.250000	2|13.573109	1|7.094581	4|1.031006	2|2.682448	2|3.644167	3|1.328516	5|0.250000	3|1.129972	4|1.670455	4|1.120777	4|1.813477	
24	126#127		3|1.013126	3|0.801511	4|1.203471	2|11.627379	4|10.210159	3|1.331783	2|5.734938	1|3.504828	4|1.140631	2|2.568203	3|2.190994	4|1.129972	5|0.250000	5|0.250000	4|1.515182	
25	126#128		2|2.185914	3|0.801511	3|1.203471	4|1.743429	2|79.975024	1|7.094581	2|5.734938	1|3.504828	2|2.962970	2|2.568203	2|4.225151	3|1.129972	4|1.670455	4|8.611204	4|71.678571	
26	127#128		3|1.013126	1|2.569680	3|1.203471	4|1.743429	4|10.210159	3|1.331783	2|5.734938	1|3.504828	4|1.140631	2|2.568203	3|2.190994	3|1.129972	3|1.641208	4|0.703556	5|0.250000	
27	130#131		1|4.105695	4|0.801511	2|3.004310	4|1.521617	2|31.841405	4|1.424260	4|1.352779	2|5.611381	4|1.140631	1|7.059819	4|2.190994	2|5.039617	1|11.161674	3|0.703556	4|1.813477	
28	122#123		4|1.013126	1|2.569680	5|0.250000	5|0.250000	3|4.931648	3|1.424260	5|0.250000	5|0.250000	3|1.140631	1|7.059819	4|2.190994	2|4.297814	4|2.262882	4|0.703556	4|71.678571	
29	122#124		4|1.013126	1|2.569680	3|1.203471	4|1.510081	4|4.931648	2|3.918610	2|8.858427	5|0.250000	5|0.250000	1|7.059819	4|2.190994	4|1.129972	5|0.250000	2|16.251573	5|0.250000	
30	123#124		2|9.335392	1|2.569680	4|1.196253	3|1.521617	3|4.931648	3|1.424260	5|0.250000	1|7.464605	3|1.244036	1|7.059819	2|12.120964	4|1.129972	4|1.670455	4|0.703556	4|1.515182	
31	153#154		4|1.013126	2|1.930929	3|1.203471	2|17.621511	5|0.250000	3|1.093739	3|2.105976	4|4.288772	4|1.140631	1|6.190500	3|1.896904	2|5.904667	4|2.104599	2|3.752178	4|1.515182	
32	135#138		3|1.013126	1|2.569680	4|3.530840	2|5.390437	4|3.390704	3|1.093739	4|2.105976	3|0.936059	5|0.250000	4|0.919523	5|0.250000	1|13.637127	2|7.156275	5|0.250000	4|1.590483	
33	135#139		2|9.335392	1|2.569680	4|5.591880	5|0.250000	4|5.756608	3|1.093739	2|4.467548	3|0.936059	4|2.146813	2|2.568203	5|0.250000	3|1.846424	4|2.104599	1|525.396293	4|1.515182	
34	135#140		2|9.335392	1|2.569680	4|3.530840	2|5.390437	4|5.756608	4|1.331783	2|4.467548	3|0.936059	2|5.466425	2|2.568203	4|2.737562	1|13.637127	2|7.156275	5|0.250000	5|0.250000	
35	138#139		3|1.013126	1|2.569680	5|0.250000	5|0.250000	5|0.250000	1|4.785064	4|2.105976	4|0.936059	4|1.140631	4|0.919523	1|14.392976	3|1.846424	4|2.104599	5|0.250000	5|0.250000	
36	138#140		3|1.013126	1|2.569680	2|8.623524	2|5.390437	5|0.250000	5|0.250000	4|2.105976	2|3.884377	5|0.250000	4|0.919523	3|1.896904	1|13.637127	2|7.156275	2|5.903157	4|2.133949	
37	139#140		2|9.335392	1|2.569680	5|0.250000	5|0.250000	2|45.145383	5|0.250000	2|4.467548	4|0.936059	4|2.146813	2|2.568203	3|1.896904	3|1.846424	4|2.104599	5|0.250000	4|1.813477	
38	160#161		3|1.013126	3|0.801511	2|22.394373	3|1.510081	4|3.910322	5|0.250000	4|1.031006	5|0.250000	1|6.190500	4|1.244036	5|0.250000	2|5.904667	2|5.818548	2|1.702058	4|3.043296	
39	160#162		3|1.013126	1|2.569680	2|22.394373	2|4.720530	5|0.250000	4|23.834906	2|4.400554	2|3.884377	1|6.190500	4|1.244036	2|25.392732	2|5.904667	5|0.250000	2|1.702058	2|9.805619	
40	161#162		1|4.105695	3|0.801511	2|22.394373	3|1.510081	4|5.240020	3|1.331783	4|1.031006	5|0.250000	1|6.190500	2|2.412840	5|0.250000	2|5.904667	5|0.250000	2|1.702058	4|3.043296	
41	22#23		5|0.250000	2|20.934345	4|5.591880	3|1.521617	5|0.250000	3|1.331783	2|2.914446	2|3.510920	5|0.250000	1|3.382092	4|0.935683	1|13.637127	3|1.670455	2|1.702058	4|1.515182	
42	25#26		2|2.185914	1|2.569680	2|4.723972	1|9.261279	2|40.090143	2|3.918610	2|2.914446	2|2.682448	1|6.190500	1|3.382092	2|12.120964	1|13.637127	2|7.156275	1|1.979963	2|6.591642	
43	28#29		2|2.185914	4|2.433406	2|3.004310	5|0.250000	4|3.390704	2|3.240539	2|4.467548	3|1.366071	2|6.845233	2|2.568203	5|0.250000	1|5.107345	2|5.608125	4|1.120777	4|5.906109	
44	40#42		2|2.185914	2|4.025804	1|5.724083	4|1.521617	4|3.390704	4|1.424260	1|4.251893	4|0.936059	1|6.190500	5|0.250000	3|0.935683	1|9.798118	3|1.641208	3|2.577747	3|1.515182	
45	49#50		4|1.013126	1|2.569680	2|13.503605	1|9.261279	4|5.756608	2|25.545218	3|1.352779	4|0.936059	2|11.722002	1|7.059819	2|4.430753	1|13.637127	4|1.641208	3|0.703556	2|6.913017	
46	57#58		4|1.013126	4|1.126578	4|3.530840	4|1.521617	5|0.250000	4|1.424260	4|2.073487	2|5.066363	2|5.466425	1|7.059819	3|0.935683	3|1.846424	2|5.608125	2|1.702058	2|4.944742	
47	57#59		2|9.335392	2|11.336473	4|1.196253	4|1.521617	4|4.125969	4|1.331783	2|8.858427	3|1.366071	2|5.466425	3|1.328516	5|0.250000	2|4.297814	2|5.608125	2|1.702058	2|4.944742	
48	58#59		4|1.013126	4|1.126578	4|9.307971	2|4.720530	4|4.931648	4|1.951838	4|2.073487	3|1.366071	2|5.466425	3|1.328516	4|2.737562	3|1.846424	2|5.608125	2|1.702058	2|4.944742	
49	19#20		2|2.185914	5|0.250000	2|13.503605	4|1.521617	4|3.390704	1|7.094581	1|4.251893	2|3.510920	4|1.414415	3|0.919523	4|2.737562	2|5.039617	4|1.641208	1|1.979963	3|1.515182	
50	11#13		3|1.013126	4|4.975898	5|0.250000	3|1.521617	3|3.390704	1|7.094581	2|2.914446	2|3.884377	4|2.146813	3|1.328516	3|0.935683	3|1.846424	4|2.104599	1|1.979963	2|217.337189	
51	11#12		3|1.013126	4|4.975898	4|5.591880	3|1.521617	1|45.987481	3|1.331783	2|2.914446	5|0.250000	4|1.414415	3|1.328516	2|5.247980	4|1.846424	2|7.156275	5|0.250000	4|71.678571	
52	11#14		1|4.105695	4|2.433406	4|5.591880	3|1.521617	1|45.987481	3|1.331783	3|1.031006	4|0.936059	4|2.146813	2|2.568203	3|0.935683	3|1.565097	4|2.104599	5|0.250000	4|1.515182	
53	11#15		3|1.013126	4|4.975898	2|39.613068	1|9.261279	3|3.390704	1|7.094581	2|2.914446	4|2.008087	2|6.197972	3|1.328516	2|5.247980	2|5.904667	4|2.104599	1|1.979963	5|0.250000	
54	11#17		1|4.105695	4|4.975898	4|3.530840	1|9.261279	5|0.250000	3|1.331783	4|1.031006	5|0.250000	4|2.146813	3|1.328516	2|5.247980	4|1.846424	4|1.670455	1|1.979963	3|1.515182	
55	12#13		4|1.013126	2|8.101475	3|1.196253	2|182.030749	3|3.390704	3|1.331783	2|2.914446	5|0.250000	4|1.244036	1|7.059819	3|0.935683	3|1.846424	4|2.104599	5|0.250000	4|71.678571	
56	12#14		3|1.013126	4|0.801511	2|13.503605	2|182.030749	1|45.987481	2|3.918610	3|1.031006	4|1.808603	4|1.244036	3|1.328516	3|0.935683	5|0.250000	4|2.104599	2|5.903157	4|1.590483	
57	12#15		4|1.013126	2|8.101475	4|5.591880	3|1.521617	3|3.390704	3|1.331783	2|2.914446	4|1.366071	4|1.414415	1|7.059819	2|5.247980	4|1.846424	4|2.104599	5|0.250000	3|1.590483	
58	12#17		3|1.013126	2|8.101475	4|1.196253	3|1.521617	5|0.250000	2|3.918610	4|1.031006	2|5.066363	4|1.244036	1|7.059819	2|5.247980	2|4.297814	4|1.670455	5|0.250000	5|0.250000	
59	13#14		3|1.013126	4|0.801511	3|1.196253	2|182.030749	3|3.390704	3|1.331783	3|1.031006	4|0.936059	2|5.466425	3|1.328516	1|3.502010	5|0.250000	2|7.033169	5|0.250000	4|1.515182	
60	13#15		2|633.835165	2|8.101475	5|0.250000	3|1.521617	2|33.568512	1|7.094581	2|2.914446	4|2.008087	4|2.146813	1|7.059819	3|0.935683	3|1.846424	2|7.033169	1|1.979963	5|0.250000	
61	13#17		3|1.013126	2|8.101475	3|1.196253	3|1.521617	4|4.931648	3|1.331783	4|1.031006	5|0.250000	2|5.466425	1|7.059819	3|0.935683	3|1.846424	4|1.641208	1|1.979963	3|1.515182	
62	14#15		3|1.013126	4|0.801511	4|5.591880	3|1.521617	3|3.390704	3|1.331783	3|1.031006	5|0.250000	4|2.146813	3|1.328516	3|0.935683	3|1.565097	2|7.033169	5|0.250000	3|1.590483	
63	14#17		1|4.105695	4|0.801511	4|1.196253	3|1.521617	5|0.250000	2|3.918610	3|1.031006	4|1.808603	2|5.466425	3|1.328516	3|0.935683	5|0.250000	4|1.641208	5|0.250000	3|1.515182	
64	15#17		3|1.013126	2|8.101475	4|3.530840	1|9.261279	4|4.931648	3|1.331783	4|1.031006	4|1.366071	4|2.146813	1|7.059819	2|5.247980	4|1.846424	4|1.641208	1|1.979963	5|0.250000	
65	4#5		4|1.017106	3|0.801511	2|13.584328	4|1.510081	5|0.250000	2|3.038247	4|1.352779	2|2.682448	4|1.414415	3|1.244036	4|2.737562	4|1.129972	1|11.161674	5|0.250000	2|21.546186	
66	4#7		2|9.371581	1|2.569680	4|1.203471	2|4.720530	4|3.390704	4|1.331783	4|1.352779	2|2.682448	5|0.250000	2|3.430443	4|2.737562	2|4.297814	3|1.670455	2|25.814912	5|0.250000	
67	4#8		5|0.250000	1|2.569680	2|13.584328	4|1.510081	2|26.642486	2|3.038247	2|2.914446	2|2.682448	2|6.197972	2|3.430443	2|10.510784	2|4.297814	3|1.670455	4|11.460762	4|1.813477	
68	4#9		4|4.545533	3|0.801511	5|0.250000	4|1.510081	2|26.642486	2|3.038247	4|1.031006	2|2.682448	4|1.414415	3|1.244036	2|10.510784	4|1.129972	3|1.670455	5|0.250000	5|0.250000	
69	5#7		4|1.017106	3|0.801511	4|1.203471	4|1.510081	4|4.931648	4|1.331783	2|5.822841	2|2.682448	4|1.244036	3|1.244036	2|5.247980	4|1.129972	3|1.670455	5|0.250000	5|0.250000	
70	5#8		3|1.013126	3|0.801511	2|13.584328	2|180.651546	5|0.250000	2|3.038247	4|1.352779	2|2.682448	4|1.414415	3|1.244036	4|2.737562	4|1.129972	3|1.670455	4|2.577747	4|1.813477	
71	5#9		4|1.013126	2|8.101475	5|0.250000	2|180.651546	5|0.250000	2|3.038247	5|0.250000	2|2.682448	2|3.644167	1|6.190500	4|2.737562	2|3.662032	3|1.670455	2|3.752178	5|0.250000	
72	7#8		5|0.250000	1|2.569680	4|1.203471	4|1.510081	4|3.390704	4|1.331783	4|1.352779	2|2.682448	5|0.250000	2|3.430443	4|2.737562	2|4.297814	2|5.608125	4|11.460762	4|1.590483	
73	7#9		4|4.545533	3|0.801511	3|1.196253	4|1.510081	4|3.390704	4|1.331783	5|0.250000	2|2.682448	4|1.244036	3|1.244036	4|2.737562	4|1.129972	2|5.608125	5|0.250000	2|228.132038	
74	8#9		3|1.013126	3|0.801511	5|0.250000	2|180.651546	2|26.642486	2|3.038247	4|1.031006	2|2.682448	4|1.414415	3|1.244036	2|10.510784	4|1.129972	2|5.608125	4|2.577747	4|1.590483	
