65
85
96
110
142
144
160
163
169
183
216
253
291
330
352
358
396
401
416
442
464
514
563
567
568
581
582
605
611
642
655
687
698
703
713


2
84
88
92
98
113
120
122
129
146
151
153
164
168
172
176
177
200
203
212
278
282
283
288
300
307
313
316
326
343
350
362
364
369
379
380
381
384
394
403
407
447
448
452
458
471
472
475
479
483
490
501
513
517
523
526
535
538
552
566
569
574
577
593
598
600
615
624
630
632
634
637
645
646
650
654
671
675
677
692
701
710
725
728


2
84
98
112
113
120
122
129
146
151
153
159
164
172
176
200
208
212
231
277
278
287
288
300
326
343
346
350
369
394
399
403
407
447
452
483
490
517
552
566
569
577
588
593
615
624
645
654
671
692
701
725
728


75
116
132
134
138
140
154
157
186
189
203
215
218
219
264
269
299
307
313
317
321
398
402
409
422
434
456
458
461
475
495
565
579
585
590
606
607
646
650
659
664
675
689
691
708
749


2
92
97
98
120
129
172
176
177
200
278
282
288
300
350
359
362
364
379
380
403
407
447
452
471
472
479
483
490
513
538
624
632
637
645
654
669
692
701


137
226
234
250
263
276
333
342
450
562
595
644
652
663
670
697
702


11
162
180
197
209
237
274
331
433
516
573
580
612
629
656
665
681
714
729
738

